004300209005009001070060043006002087190007400050083000600000105003508690042910300
040100050107003960520008000000000017000906800803050620090060543600080700250097100
600120384008459072000006005000264030070080006940003000310000050089700000502000190
497200000100400005000016098620300040300900000001072600002005870000600004530097061
005910308009403060027500100030000201000820007006007004000080000640150700890000420
100005007380900000600000480820001075040760020069002001005039004000020100000046352
009065430007000800600108020003090002501403960804000100030509007056080000070240090
000000657702400100350006000500020009210300500047109008008760090900502030030018206
503070190000006750047190600400038000950200300000010072000804001300001860086720005
060720908084003001700100065900008000071060000002010034000200706030049800215000090
004083002051004300000096710120800006040000500830607900060309040007000205090050803
000060280709001000860320074900040510007190340003006002002970000300800905500000021
004300000890200670700900050500008140070032060600001308001750900005040012980006005
008070100120090054000003020604010089530780010009062300080040607007506000400800002
065370002000001370000640800097004028080090001100020940040006700070018050230900060
005710329000362800004000000100000980083900250006003100300106000409800007070029500
200005300000073850000108904070009001651000040040200080300050000580760100410030096
040800500080760092001005470056309000009001004320500010000200700700090030005008026
050083017000100400304005608000030009090824500006000070009000050007290086103607204
700084005300701020080260401624109038803600010000000002900000000001005790035400006
067050010084309000003080040090000205000621790700093600300400000020007153500800076
001409030000306052007008190060020800000003065894507000403091080079040026000700900
206030000001065070047108050500000029008019406000420001000042800609300005070000013
004502178100090030000800004600450000070900012801203500400000009350060807090300620
140060800085010040907400250030070400209000307008900060000740010601305090700002600
590000147000900008072000030700040290020030806800170050005764009036005000100800002
100000090208970605000532000006050400700806002083700010604080120890600050015040007
900084060604005207030070080760001500053000001000409603105026090002040000800003710
308056007006900253012040000000000320904800000760109805000001904831000506040007030
170300009008040600000060030600800001924600300300902500010200040709503016005007800
004030021070005009380690000030000000602100450010907003000846700560001240008250030
083200096200030704007915000402390008010004060069870000000400007500060280070050900
803000270409008000700024096000006915001802000030750000054000060608100003372009140
070490103003070590050000000000000061100749020024306008600980700012600000480007052
830040096020010008904700030409002065308001070000603800507030020000506400002080100
060250000792006100000081600009000500410009780207300004000763010300540290800000040
050400680090100000008059302007203000000600208604080005036004190100007000072800050
010092047000700609600040100003000000720008900840105070106400280480030000900017005
078010609203009008410060052720106030000400700091305000932000400005720010000008006
056010000280030040040090765790003008005760000000004001100600203020001400060805900
000001847010000000059348006300020004076100500200006790040207069007800415003590000
205040003001009000046001587004607090802000056090020340170008200000500800500903001
103800000906400072000205090090070050084901300002506000210004005308700401070080600
850420370003000010000170009000500602029304000010000438046090805005000900702840003
061490020280007050003108007600704031000250074090600000000010008570000206800906000
608900050000320190010000300400073600570260000003105020080000064020090507047008001
000700900004300527010006084800094053040001200962080070100869000700020130059000000
680905000003000508402108703390720800000000010045006900060804002001002075700013000
600837001089004700102000400000450020030609005040000860908006070700098010005100930
000067430800009150500003009007000010001806304940350020009010502608200700400708000
063700401400000000700091300092076030004500260035000100509040820087010609000003000
000340002006082073700100450082005014000098300670000005140700000905030020030000806
008070600960001405402000010200830090600790103007004026500900307030020500000310089
087200490060891000005000002400300500019002803000706200030050600500060017071403050
107008000650100000300060072060030250480009700001407009000000800003980015040203060
000704010803620907016090000000100406598400002000030079034075000100900360250300040
500038701026004850300072940054100300890400000000060000003000069000721400401390000
600050000073008020854027000201700530400069007080000900027301084060540009300000001
000900406701040002009501378012300009300004080085000230050007000093008600020600541
007500904000082305001600002800036070016004200430190050540008000029071030000000609
001040730630900004075000200000000501069001000004002079980500602710609300000203080
507108002000043100900500006070050004100002069600700380320490000001006400009070528
807000000610005430400690000002800709003007820900051046000009670054000000200403018
040000200710930000058020760300060000406800920020705800031070090007058601500100007
002834700010060005798200400903050100000009007080072060600081024051000300040000090
431800006000300010000006205609134070020000040000570089003659020500080104807000003
020000106610239040050004007003520009009400080800701400795006002200180000400000653
003000150620700009051000007180670003509003400030080201000207904000098620004510008
400053270020600803008904010145200006000048300000001090601300450000070900780000060
004030009520001300019860200402000700037006800608510020900080070073002046000000130
