004300209005009001070060043006002087190007400050083000600000105003508690042910300
040100050107003960520008000000000017000906800803050620090060543600080700250097100
600120384008459072000006005000264030070080006940003000310000050089700000502000190
497200000100400005000016098620300040300900000001072600002005870000600004530097061
005910308009403060027500100030000201000820007006007004000080000640150700890000420
100005007380900000600000480820001075040760020069002001005039004000020100000046352
009065430007000800600108020003090002501403960804000100030509007056080000070240090
000000657702400100350006000500020009210300500047109008008760090900502030030018206
503070190000006750047190600400038000950200300000010072000804001300001860086720005
060720908084003001700100065900008000071060000002010034000200706030049800215000090
004083002051004300000096710120800006040000500830607900060309040007000205090050803
000060280709001000860320074900040510007190340003006002002970000300800905500000021
004300000890200670700900050500008140070032060600001308001750900005040012980006005
008070100120090054000003020604010089530780010009062300080040607007506000400800002
065370002000001370000640800097004028080090001100020940040006700070018050230900060
005710329000362800004000000100000980083900250006003100300106000409800007070029500
200005300000073850000108904070009001651000040040200080300050000580760100410030096
040800500080760092001005470056309000009001004320500010000200700700090030005008026
050083017000100400304005608000030009090824500006000070009000050007290086103607204
700084005300701020080260401624109038803600010000000002900000000001005790035400006
067050010084309000003080040090000205000621790700093600300400000020007153500800076
001409030000306052007008190060020800000003065894507000403091080079040026000700900
206030000001065070047108050500000029008019406000420001000042800609300005070000013
004502178100090030000800004600450000070900012801203500400000009350060807090300620
140060800085010040907400250030070400209000307008900060000740010601305090700002600
590000147000900008072000030700040290020030806800170050005764009036005000100800002
100000090208970605000532000006050400700806002083700010604080120890600050015040007
900084060604005207030070080760001500053000001000409603105026090002040000800003710
308056007006900253012040000000000320904800000760109805000001904831000506040007030
170300009008040600000060030600800001924600300300902500010200040709503016005007800
004030021070005009380690000030000000602100450010907003000846700560001240008250030
083200096200030704007915000402390008010004060069870000000400007500060280070050900
803000270409008000700024096000006915001802000030750000054000060608100003372009140
070490103003070590050000000000000061100749020024306008600980700012600000480007052
830040096020010008904700030409002065308001070000603800507030020000506400002080100
060250000792006100000081600009000500410009780207300004000763010300540290800000040
050400680090100000008059302007203000000600208604080005036004190100007000072800050
010092047000700609600040100003000000720008900840105070106400280480030000900017005
078010609203009008410060052720106030000400700091305000932000400005720010000008006
056010000280030040040090765790003008005760000000004001100600203020001400060805900
000001847010000000059348006300020004076100500200006790040207069007800415003590000
205040003001009000046001587004607090802000056090020340170008200000500800500903001
103800000906400072000205090090070050084901300002506000210004005308700401070080600
850420370003000010000170009000500602029304000010000438046090805005000900702840003
061490020280007050003108007600704031000250074090600000000010008570000206800906000
608900050000320190010000300400073600570260000003105020080000064020090507047008001
000700900004300527010006084800094053040001200962080070100869000700020130059000000
680905000003000508402108703390720800000000010045006900060804002001002075700013000
600837001089004700102000400000450020030609005040000860908006070700098010005100930
000067430800009150500003009007000010001806304940350020009010502608200700400708000
063700401400000000700091300092076030004500260035000100509040820087010609000003000
000340002006082073700100450082005014000098300670000005140700000905030020030000806
008070600960001405402000010200830090600790103007004026500900307030020500000310089
087200490060891000005000002400300500019002803000706200030050600500060017071403050
107008000650100000300060072060030250480009700001407009000000800003980015040203060
000704010803620907016090000000100406598400002000030079034075000100900360250300040
500038701026004850300072940054100300890400000000060000003000069000721400401390000
600050000073008020854027000201700530400069007080000900027301084060540009300000001
000900406701040002009501378012300009300004080085000230050007000093008600020600541
007500904000082305001600002800036070016004200430190050540008000029071030000000609
001040730630900004075000200000000501069001000004002079980500602710609300000203080
507108002000043100900500006070050004100002069600700380320490000001006400009070528
807000000610005430400690000002800709003007820900051046000009670054000000200403018
040000200710930000058020760300060000406800920020705800031070090007058601500100007
002834700010060005798200400903050100000009007080072060600081024051000300040000090
431800006000300010000006205609134070020000040000570089003659020500080104807000003
020000106610239040050004007003520009009400080800701400795006002200180000400000653
003000150620700009051000007180670003509003400030080201000207904000098620004510008
400053270020600803008904010145200006000048300000001090601300450000070900780000060
004030009520001300019860200402000700037006800608510020900080070073002046000000130
023000061000068007000304058058006120007090080140000509000430000064085930001072000
031020060005074003006800020700406038000095706200780901098140000500000890300000002
015040002020560098300010007200000600940001000030680704458000000090872050600430900
604302001780006300900510400003004078028000096000601004090057800000020015000403700
000048010943050700008200006050000379002400080070013040600590002109087500530060000
900003050246050700070680100000008039501200800700006001809420006002010078030000240
002078000006015908905000100400709500030054070000061204000020306008000009710800450
043020000050180070890506100400009706031000059000871000070005460002043501000600320
206597403080103000507000009000004210028006500409010060700305000001200000300480902
270600050000070406006059030040005600081000040029006173390000002000097800807140005
010907030002100004958002000600030002073060580000705069080000406304000105009210800
290041000470302050000060208039400005100000070504100603613200704000003080005900100
080623090400007000900000713006910400805000026014500007030708000500000009021460085
000050007050004020020160430941000000008746000000300508400000209705080300219030076
000457602940061300070000080100509400700086930020003007400010059006000800218300700
000720041003051890070000000730200160004109305205080009800000006090007200560904003
000230050673400800005007900310780000064009200082546009008000103000801700000600405
980046025000090700700300004008023010045070008000105006014800900506000307090002600
200000001003060008807031940002506070409800056100000380038670500705090263000004000
004206050070000306000075120002608710890000040047090000000000590056002000009307208
090604025000500904503700100002059001010000000006008437080003600400020000700000058
000750600061980004400000720259006000803000010000820075090208000010060490007340058
600000045200009803089007000001402309790300050000050080076030400520000700004086012
020980040030047601019006080700490000800023907000605000904800006001000300350014020
008060700030870012000205930000700504905004000802903070106000080009120360700000250
600300000502809070013050002700240085004007126009508000305000400170400003008090607
610030004005008703040906020009200400000403680002015070700001500003680200090070031
002080500058370100700006039005902700000000264030410000087201605901040080000090020
006037508700010900130050020002908000050020430600000090200005704003100060498600000
040038500905000000000010460001650043000700901082300050830100074276000090000960002
450000000001600790307200100000850902002169304500000080068094001070508060000010023
000004800010236700503017609300500000109420006075108002090005007002000430700680901
950000080708409056004700002010620005580300600300004090003000020097508100060130400
000600079601003240907052003200436700010008000008901502300000928060040100059000030
905032000008000006300004100080096050000108072104300900491700020020900780006043500
500480030610020009030600078790300160460057000002060400800100005000072390009004000
809400003100800700040075100007003069620000040030508200401002030203000508060089001
201008065000403790000020001790004200060701083005300000050200648040057300309800050
700900001080020060040805000090600500000179000200000370802051097064790205005008043
001900070000060320850004060900028005400070900003106807006057003070000201209813000
032064000900500007400901306000020050800710209004308000000090500507600018060280000
500301400081570000000000002300100009002090305004720000046085020090400610870000090
300590068080000290502010400410050800050326000009000070034000080801004600620007301
000004001600000230350100079015708600900030780008090102090002054000079800400510020
006030010300605000070029000020300984794000300000001005530008200069047000041200590
059000201000800090003107004290000305000080460160205080500003100400060708037400020
835020041020000039040810000086900000201004700900000286000356007090040300500007010
050007460009032007002406300760080003300091870400000015010200000506170008084005090
004930018805000000090040070302057000000100064710890005009060000431500000060489032
063204105040003092000900080530090800100060007004007300310870060270105000008002050
900860004020005000850793000570080000091407020000000350080600139006000842000230060
900260000207008005015090400700006000050010003080934071106000000320000087070420039
001000004803200009020406307016003090700001800084520700400090500050060020009780041
000079060002005703180020040029601000700250018040000300000003091390400607605080000
500700029600015840080940003002000016904000050760001200830207090090080072001030000
080290600600400039300750021070000008938040050002009007000600740050008103016020005
609203580570000004040010090800006400000300050000079103021090700030480905000702600
070000000950002800010890034007000198400369500002070600008036057000021000065407010
009586400027900500006004100940301020003065090070000800061200007500630080000009350
008602000001700430470005000000451003302000008060000970200094610600507082713000090
005960070400031020106705008900408060002013800058000000200096007007020615003000004
780010300000960500005002640007300064401000002800001730092750008350000970100604000
050107800041000000690040503300802090904015030760030105000000749170006000008050020
370401002000087500001593406080100009016000300700920010009050640250008090400300007
006439008005000200090580076000245100018007000300000907902000730087600450040901002
820090304005020091070035800600007028904060000007009005030001000090240076006050210
029000580600320407100800000000060301071004060000230090004650009783010005590000072
000000200007456000301007000980010063000305940402700080008000007600091520204600890
100008500000307089700600200090050103420060970350200040002000008000409610600570004
701020080000010004090305000009800240160070000520904030000002090083106507050407608
800000960070590003003208015002304008001082000006000470040009300030051020500820609
290000000104050680000048903901874000006000050803020100075010004600000230080039006
001405000780031050000080009027800010040000620690200570004007300503690240010003800
047000090005200816120056400000008007591004300803001000000639500200470008309080060
910080030046290100000007004000300051120040869654000020370500080000600003002901740
000470800200905410000000030701000380045007900680030025000009106093042070504080000
034021560100800000600070300500010090068009000002700634087006002200500403001094800
003002050007890001006005900510060048009040700040531002080000004200109806361700020
000380109012095300060200008059000230406020070700040900301907600080604000000000051
408020106060409520090008037700300015003040000020657900910000080504013000076000200
073082001052009300400050970090760108028300006001200000500000000869030040037000510
001307005000000098907406102400205003030000609082100040000902304208670000500014070
020400017050000463008030000009726040604890021080003050090500670700900000105060009
000013000200675003060000400000006090092000708580040132009080050305902001041030600
503960800042007090010000706000406000200003050000500103007190602400308900800000045
090000080000402030700050900609200004500870301307040000400089620030001050005030807
243705100060094005000001820700316002402000030500007900001500006600870590090000043
800510240400900000056000080075001008010004076900020030001705093080060000004103560
001530400000940006302708000580200004060003052100000870070080923800400605000095008
020304906800009050054618000308500070070403005019000000001000003700000824006872010
301002000080004002074650010960000008000021350500003407407005200000400839006010005
003802750270501000000070960630028100000000040809037500700900800054000210010043070
070000168104200050000580002030009040000600005490010830900107000006930021208065700
000000590036804200700021000000430002085009700604107089400700003107000000290605108
037021800000080900600000423159000007004600002200710500005034086080005310020960004
010004078704900006000013000580000201091065830400120009600007000000290500839040060
209000340040000001607005089170540600030820000005003090058310020000002570406007800
050002034000706900800310600003000010027083400009070250060900720900065008000140060
007300850500082609080150004300400076010098000420000510000206000030010400160907003
543000000000700900900680150001500042307001000458032010800120009060004000000096730
070000005206007010003094080000859300050020600001006204400000102732100009089300060
000630090204005070130000040009150004080960200500207060060002057008400001700091300
900106005020839000804070300001050090032001607006000084000300040007002910060097002
047052000000900070102000003200400800503006091098007650600013700000800019004720580
000701006015000000784900002190048060000300240072010090300560700027000085500809300
009040601070000050013600008908002000300075040700100836004006207650008103000910004
649108050800206000050000001960000200038000040205070906007300509000709003100420860
000800000700040560563100090400300007050009002618004000000208304000060700290530180
000102008005040970900670104364009000087301020000700500230050700051008006000200390
000900803103500002002070560005719030300004000094002006800060709079080610520100004
003000500075361020080070040002053070006804013100690004090080100001002090300500406
096380005050001003000074080700010038009000104063700090014060200905023060008009040
004039007000604000513082060071800504040070020020003080690000008007000300008100952
407200500085007032000409060002030805001800000600010924856000040020000007170900306
108000046000205900000800001030000500502394070040007029600501007709480630085009010
100040500953060004008970000200510670007008003000000120060400900080650210500327006
000209008040000769680100500300010007576000980000005230002403000053870002090600014
900620405032000700000803090007100206800040910090035000280007040056010080013900607
040007502021000003003005680200090014107060850090300000300070020400800906006009408
083000120000203050400010060098020400640309700005001200009640083030000000206807001
060305009040000571102000600201030000005000804830076090006084300907000020080107050
014300020005006009000700810000000260100280745500040081027100000609020030830907050
009080040200000008000604501380700004067005000500003012050100096400038070070200403
002003080400280007050006091900065100140020760000700800000890025300104600570000004
300000002802901670090700805005002004601074200009608000010045000070800001064300950
906073000580000400030002001050089600008200503400610700820700050040000309000196008
500012480000900000006080027080093260000800000432705100060000970027300014014009506
004000602560200840000009005010054029092380000000001470000832701600100000800746903
400056030010903800500040020000008000020305087009071460680704095200010300073000100
008500300570000090000200106090360002084005009700018543040076000000093201960000780
863027000050100840009050000000940010520001007930500200046000920000038400287090500
005004800060070210700103000800602400030800190904500080003000075609028040417009000
000000490030006027107003500602045070040618009090007000009200735380004000001500060
100020900590100704006000500608000007073890000000403206309050820027001003805600000
000004603050760001410085000000610902863420000020007000035070280702000010084001390
004003080100670302700020000200068700001390500090500218003705004080000951002409600
000800700029000510035420009010007006092004070480360100006150307000009468000200000
050730100020860304760091050070204008090000005301000400000670000040009063012500089
490107300087002009000050060100600802500300000009040070050700043806020910002014005
001005700720806003309000180000640800800020004065001070008703950100000030070094020
010403009506000080009780052032004000960000400000021703800030260007500001000067805
010009600006700019280005403100400290007063008005000006630001020402350000000048007
430700080020065103000089540700940000251803600006200030104000057000000800060107009
006000008070004600130609042019000030020350080080702005090500716400020003703080900
030200570000300040901047008002003087080600000056010239800020400400098005017005006
240009000053008021007060805000034008030900704190000600700016003001200406000070200
078009050500607042900310008090704080300000000846002130000000520130006070060928000
061400900802500047500609000980007020200930780010050003700004100009080260026001005
000073000180200590430000006010062750000508030200400900090030610645100020370000089
507020400008006010302894600800009500150600708003100006470008950000007020209040000
059800470001003020600007100010000050020068000004102908300605740070300080060094032
050028010070901040000034729002305400708000500300400976800603000500000000094210300
206709013409006070050004800803000500100623000004100000000570392700008000001940006
050390700784050002006200010000016098490000350028000000210070080060009540007803009
082007000000500942095103000000060075061004280079001030026040000814072300000000007
090806350200900100085000700600052904030401000000090070760018000100207589002040000
093705600002800000000012000001020584760080001200400090000950107100000340456003920
305740000000601005040900000800009056602070001904305200470083900090010087001000630
700300000901070064560004209010000005027800010090640820004709601008005000000210503
206008001140700309090050026002000004503401000060370800078009140050087600009600500
060005890090000210501070060002401500035002000004009008000200004806500130217003009
400010020502600704703005860000008043000024901007061000036002450800090007105080200
400000091000583600800000050000000907100068400207491300302850700080100062069047000
060740000045063810302018000630005100004070029078009006100000503900280040000000007
100004800030702106846903050000600209708050030004008070900100005005000367027400000
002000809050076031003005260008700016060050700130900042005000984080040000001302000
300029004009310207000084030001000000695470000200068000103096500800002903040500061
500063017001008050690000400000057304032010800000206100008001702973080000206004090
100650370024001500060900804000460000301000700280000090659830100007000020000749050
000014000060590007508006012129000030700201080005430000000060403093008060200740100
000095001008400039720010006900150000070800190003006475081600053206040080500203000
030000190400607002006095400900003800061280050720040300150002600800400007000130940
000000010607004090520730000050008402940503006103000700000019643290000000060457008
506700000010200087200034010605073901000809003040052700850901340900605002100000000
018259063927004000000000000209700650301806070040001098035010400002000007000060580
004009061500300007031080409700650100610037005000940002068295003100408000050000200
090008300040206701001079084008000020006000579500430006360982000072064000000000050
000075038403006700010000009000380024640019000007402005529000007360008100008903500
100000000050009008704620500500080634000365020000007009006200000891000300320400761
000040008005317200902005003000030017400000060069004002070090080803006500106280090
072005600040820000003409500060000130000152007800700024019003280035070009000600000
010007309000025706300000050008902400400036021070800603905080040780040002006009000
002600004700010030014050690006084250380006007001003000400700089090005300000200401
069805204008420007001076005020004019680501000000030800053900070000000092400768300
740250600900003000030106047050480020009007036002009580000360410805000000300802070
000032050093000000002150870008504000461900000930700620000840507706000410100006308
005800000300000716706200000003084090000760842000005100420017000500000420019300080
015060892060070510400090000027500109008000003301009650079640020000030007800200060
300709080020406035510020007901004520050007090804000006003005108207800300000903640
379000100001709000020850300010026890000003460208900030106002905540000000080000746
003647905008002004000093006300010400900000820200084073800000090716500008040700160
108305690020400031500096700200830070613004000040009000050000002000700085309060100
980200004024006850003070100000509000005020687136000020000080405007030000600714900
003000002000201090006487050040596000158000300907300024009070006805900070000842000
900000512000659800080000070400000300030001027020740685503002100260980004070306000
067000010001002007003108204020000906400003000739050080000060502910045600008729003
050100000084500007000063089100002348200700050640090000000014003007200490003805601
006800000000049013100002705432075000900080024000600370610007290003000100709500406
012500400070001030809046200050900008300000049008072060004307090700085610000069005
000025600006800075902000003009200000310004008068507049005460007470908102000030800
900002081305900000004001057508190003700005004000060028800240700690380010070000060
030810005000020134096500700708100029002000506000430000500604008081009267079080000
032005014000080500590004027003050408000620009150400370040807900800132000007000006
000870001937000500400600000000280130070046000305190620063020905702500048100000700
083104060400250008500090000020000057650800901010067030000320000039706200700000014
030001060500084310209050807600803100804090000020000070305710000700600080960540002
050001060930570040108000020000100790002340000607000008001239005703608004560000200
000900010007200603025180400092400068064003050000000907000802100003070006050069720
100020060090780503052000009000600790730090008008500002500104030020009015604003080
041980006300042008020760500109400000674050001000000070710300060005800900806175030
500010000730009140040200306029801000000700013000000204090007605004600872650380090
160500207004080000300700560080193000090004081000000706703008050052400109006302004
060032500070000100018745036600008009930560001002010400084600090705009000000007023
050009730003000204942060100500208003100640000007003600008900067420010309090800500
807100005000040019096007002004050100019700026200300047905420000030060000060900803
230010809009500041400083002070020960000005700186704200705001000010000003042600080
002130640901007008060502700009000305500073000180400200300060050000080406007905001
061000003200094070005021060000002007809050300070030904180040005506780012003006090
005187204006400305010005090001600000508030047020900180009000000080020476704803002
040690500300000200610004807000038020000050760124970300098560070000200600030001004
700030094006000000500400801632008000070609500000014720004802010260950030100000065
003002007080000510700000600200450903039007000501080000090870400400620709650904008
000415000006800000000007039080720160000000203590031400003004786701902050408000000
003000041020590700680204005019380006300029000450007980000601070070030510200058030
009705004407003610800006090053900070000302108602001000030684207040000900008120300
060503009002900401010084030087000042009006500200000170400178090500030000300090268
050620009032970004001080730000009800008740900410500006690004028003000610000002007
800021049370640010000900005000008100092470003650002070540300002786050400000000600
700069080068000030004002050200045008003790406010030900007000500931004000040126700
010080070307200004090306020600001030001859002482007091000000000078500003003048760
006007800705000001010539040420000097000860400050904102031008200000620079007400500
008310040460005900012900708000000512850092000070036000703800069080040100006020305
910000006700030240052670309000000538000280100060014900528700000090803000100090400
000800100000260400580090076004020089060300701975008600639070000040003950008001002
000807300000001072006290080000400500100020837530709020714006000960003400850900001
800400006001906207507100490023090001000000640040058003908507000000300810006001002
090000060570080004400005012150904200000006380030072400960700100800200007040153090
470050390006040020002000180000620009051430002000105007300700640080000000910360050
009807062004050039070200100010040020060080590000612800800309070026001004500060003
940003058000021000003005074410000980890602300000900001100050006060048027085300000
060070005280006403001402709000801300026004080300050004050009100049308050073620900
000640700907500041000000082309010800240056000060038905400063000803700010120004050
902000000063040900000670308400007005009820610076300200500092004017000503000150080
051004090870000416000080005006903020002050074940710000369000100500600700000205308
700230016080001700500700490600003900090040050320800007002100008407006000013902500
900304001000021890021580007402806005570010000030700914090030706800005000040000250
720800000004100097500009400000603802087000300061702904050030210640050000000960003
040010503000004000037020809205907038004103600600050070006809100000000702870045090
400036085600920104300008720095000000000170402000003690070091008020000560160540000
420070603500230040010006890003809207000017000605300000860002015039000006000400028
301640000008902673000000015080500704200791800059060200007004360090180000620300040
006120780730400000000008305200000050350074801007609004190300026000000090082010500
700001000320000419000060050009620304600000820075004001040000080817503600002907000
900010300105700008036050204094005001007832000800400007580300490472060080060000002
100200005003070090982003040008540926006109007050800030630010800240000079000720400
001050948700600000035240100890400705170030000020009086000706030000584020080010000
030042070940006800260801590803010700005000600090070013600000405002007080100295000
300060010102008009009210405596007003000400020007030008008049070003100860004500302
078010060400500908000000374207083050195200007600090001000370126960400000000028400
001907002062004003030005800390786050000020470800500009140600900050108730003000006
200800900070006008340002600810630000700980104004201050400050030032000070069007401
010600005030090740407003900050400090000032000700800206009005008520061003004207500
000400706030082450051700038500000070009300020048001690300090500020614000607030901
016000004009203080500190070030576000401002090087000302200307860060900507000041000
300070000006803005174690002900408030085000000010007940000021754000000600730004891
508104029000069710000000300009200060004500070726480050905008000080320100002071004
001000026000108003790040500302760000005400039460031870510600047000000200040970010
401007309000051008067080200059004030803025700200800005740600080300010090090703006
000308074200500080004072090002780150051090000030600408000006703190400005560001002
098100004007006500300070620040003000200810053005907840060030010010602709704000030
408020600920700130760504000000000008040619720210005400000007006000290083059043070
602054900000700000130600020063500401709400008201069070000010509024300600500007800
050379600960000000070002403007020058810004020000056000090000015002040730000985200
053021800090003010620780030048000976007800003002000405000600090080357000010940200
001090200090540038000700056004607090800253000607080001103000472400030600020800500
000010026801006003009503004904300087203700000060028000300980500152400600000000402
940103052030000006650780000300008410075009260000200907000040009020010870080306540
062030710790080046000000900040002090605000030900150820400800200003014580800507000
020360000600004708805019200000052800000000496007601000300080104290007005510000030
001026048045800200070000090004090860306002070190030000000241000007900514003058006
040009500500070090000003820014200000802060100760004030036008040050902670007540019
040109027056000080197050000902700350018603000300080060000301209001208600400070000
000000900570900020200768530080020060000300708640095000910002600702410090803000001
710080000000002507408390000006230008040001090905746320600003040800560079020000010
390000400000081720002000503000764050140800600900025030600500307700002090013009086
007004600800910000940008035002300840003065700060481002000050400091602007650070901
204670100870400003059010204300026095000703600180005002000004509908000010060800300
019030000006507108020160473000410000005000600431790020000003209267008050800050040
009000800050026001281490006000380000600107300008005040000000910304702050000904730
700980001000614300840000500300062007080040000056803209009000802012490060000300050
070006012009030564804001300007010900300002005200648700050700400000080009402000103
091560270200908000060040008400807060950300000006094003580001042002000301307000500
800070050090123040004900002480000020901300760067010308300000085520040006100006009
506409100080000090340700602000002030030048005075010209100603400008020063000090570
200400508003000097054001600005618320002000084910000700300859000067030900020160000
800006005003204170090170000002358090000000000400702036007003051510490380020060940
807000400300050008000020017460900020008300050509071300901237800705019200006040000
010800040090053000807010006009460020050300610031080407570000031008000200000297005
020304007305700260000080090970060530000105700003020081002006000006049058154000900
100900028030500060590001407080043000207600001000002980320067005050308640400005090
329000000060003170000080049100207800004900250570008016050020480083406005000030020
400317200206000100708090005007000504100509083000084601009800000300041000860205940
007540030016090007900002850300205198020034000060700000490300702000010403008006005
000000000045018003090740810003000091600980240000260700406570009010004000280036070
001000600300002458500600070096701300203058001000000240007004500040307029010086000
000007050014200760070060009003051802092003405700480003100390200030040001065008900
007096080020300100010200563000000240700500000083000607978024010500901000002003804
040000870700190060005300402073050001180900004596002700000040523000030000609508100
900600208610802350000400070850327004406005010000000000008010690007090002030740080
020139040060040800300000090905012300080507000601900700700000084538000120010750006
000100070057204900804060000400003569009010020528600400006300005000070080130980002
000070000302500018910000300040102000891050020000003470006204057000800104580006900
417000060309050000000001000002086001090502040800019053006000087003270590008300402
400680007000041502100007006780050010602000308034000060070860495053009000000210800
201009067906320400003704900005198070700000006402070003830000020020410005000800640
003000802406010500890002070009265001008309040075004060030000000010057094500603027
270000180083005904640030002000001400390000816800009050000060300010820790507010020
200800054038071900000002300020000010000046009096507800067030080480010500300600290
800200507060017340090003100070000032020100950004008070042030089001040000600752000
000763500000100694008040000085020000710030009002006801900800060500094270073002045
800009070705020030010600004038000057090147000006800201900310600050904000240005380
900200060000071800041506200008000400032004916060300005250089003000703500009410007
050000090904008673003790001680002050009100006005073000140800000007006032800527040
004800063100537000029000800000052046003010905200040780570006200008000004060391500
002005009100670000050012840900100300081403060007520000000806035230000100845000970
300070208290308016015006040053020401000160005000704600081000002000005780704000003
004359020010600000203000640100000304095210708006040002300500080082006095009107000
005204060000060980001000003710402800600003009003008041070806005304100000890070200
540806000030000000008419020026790104001200600890000053065070009000104760004000508
700038042020007109030060000800000050007003214051900063009810006400006085500002700
300010008050000047097530010172800600960050400000290080080120509000000030640009100
100090256062007008480030000000700030304001805050046079003170000890400000040205010
000072008859600000040005100003060204100040096006300570070108430900720010508900007
000009300000000498130820006007006000082705003016902540400650810270001000050030900
005200060049080105670004900800070450051006000003091800007400010900003082260005007
105000278000307605400005001002000703680004000000800100700500306803102400509060020
600090040000108000085027306050000009463500002700201004107650090820000050040903070
070208000091640800840001605020050004500070080100904037209300010060400903000060700
000610080003000201045290000090800040071000050400006320000904003630085010002061075
630050710001400002008109600000007000002800096900020508009501200080002030507036400
020000049907000050003040781806700500004020000500030174030980610200073000080601003
960007413400006970070200080005010200183500690000048000620080045030700000819000320
051002007003140600200503004020084700987000060000950100006200500308000000040710089
005000216842006003300000080090002005000607920010305068036520000000804000700900104
000802013635709000100000095009305000780200000051000840000906028002004050097000061
890050001006207800041090650600000002500630000010728030702001093004380010000004000
900006014000035000832000090060059007007020139400000200020001708740390500006048000
003047100560039070200800043008010700420000006000000589030060002150004090007502800
506800000080002307027000009000304000700090001030018405900045100410000952200130608
463800000000000002079040801001005904020076030700010008910052003580430700000060050
053900040800170020000030100009020501000784090680000300501006702930000008700040650
400005082000130400600000507000598700001320000985070060004089320530604800097000010
030048209000360080070000053420050000307002561900800470608200090200910800040000106
000076490000000052197000006302601000500907060080240003730050910008400020014009300
003009070600030005104700800005000090809026300700001406040050031080600240301907060
700600540000013000085004010067300004520009870010020960000200008840095600003001702
760400012900050300045800006001008079400000208030270000080001063270006140090300007
700409000301600040020080005010064003930710680000850070504000308000207009260030010
081605700009130006400078000003850000048790002650040030960000140030012089000300050
000097000080506123000382006140000050902034000006000970620009000008075041001400860
900028630300009004040050800500603109090004056708100200400060002070900005031002070
200130007605000400910062050070090008102046300003508200004000601860370009050000084
009003006800610050103004780010206004907000020000547300026080490430009000500061000
010092003070001008040006050850040200300005000026070930000800041234010060009630500
800070100094800305005030260109000600026041900070200000003100000280007006500924003
020001908000360700410589000000000631960070502203000000000090000175800260804050073
070800150102007030000062090240906000893050210006030070900481700700000500060300008
009807000001050046000361000020000830080900570074510209263000000010080305500704002
051000409007040360000502080890075100065308000370026900010003000009010072400080000
890701500003000760100052030402800100908000603060900080050189000001040020070506400
000000069700834002500006070370021008002500091100470300960000015003097004008260000
510008032702069004000000000600150080000604003970080005290005006080700901050043700
006503708080920006204008000060007391300200600000100540910005000007380050040010079
210500000060000941070098000084060305000000497037200100305001809020700000000400236
058107000010900604200003000960300700070050039804002005300000420006018057007406910
051079000308000000020008630006030140740900302000502009030001800900405000102760054
004708910001000200003102486800600370700009005102300090020084000600007000050900832
000047906009325000402980100007060080650000000091800703025401009030070200700600058
027306805409070000060120030005603008300040090001900260604500007000401900080002100
000205470400080000915006000007360810800020006020400930003000008150030090260907004
032080004000407860000051030006800921980010000000503070400060597078309400010000200
000065002089001000000380604306900050790100000045002760000070300004600290510004870
653000980200009053401000007840007160900020300005400002386040000000108004010092070
000207480203000150010000600609834701000070506470506009900403008025100000030080000
450700200003805019009060004007096001000100028026030000631070090070920040040000350
094080000000020853020100000060702100080013002000400097200870004805601070019005630
890005000010070060003020870700900200082060400049300058000004613400086920070003000
009600103740002000105000900020307080000020407890000026370010005600900000002538004
002700104800160350530890020000037860706005000050040900000006000900300078140080032
002085010000004306749000502500203400000040030100670900007000108650090000080152609
200509001810600700076020400060080009040063180000002030009007304300200070000001605
134060000000030080906705200000007600061320004705180000500290360403000050072000800
070045009300190408002000150001900076900860300040002000706058000250300000014009500
805034270000800051040600000600721008009000000001045703000003002953000800710409000
002037600530004002804600000600709850007150009009000040090320015041800700000001920
802050000903200400067401000108700004020093005000680190706000500050010263030009840
078100020950084001300690000690300070000720856000010004710050060064900205002000080
302007500000049700400800069070002830500080600800300001930605014001230050000090007
300005078102090004000310000001009040406070530005860002000600900020000087704200051
009800704100500600030007090502708030081050006640123050000240300900601800005009020
005630028801000040430010009040085900000002004080107036107000503320800607000090000
001040506630000000090053120027008000080035470403200900000002081500987300060300005
705093100210000809830000000500008903180075004064010700000240005090037006002600470
002500001370001504810006030100407000580039706097008020000000060069000340430080905
000012803000508000010760540063000001840029700052401006007300650420000090090005170
500100000920003806004007300001608024040002609700090050070085040203406081009030000
560030920031200004704900800406010000010500280000003007600708030053109060090000508
510840070080020601037005000908000045020300000300069007004908030056400008000050200
695100042300005170000080006980073200010094050004260000007020068263000001000000300
070002004020800610000090700009500800081300260206010300160970030430000056502004080
080000006900400350507000280010928000740051002000703600003007840024039001609010000
502408070700030001049020005120085300090740050007000062006001830000070029080090000
940605003003000080601740200007000094000006501100209700800921600700800030029000005
000430602056010809902800003500000000610025004080307090400090176700241000009008000
900000006000435700705020040100094380008300019004580020036100500001000062800070000
607040003040000009500038610960000040010400082030875100000020000190300507802569000
800650001007284030006000000010000509490005008000430062004020610300940000028300097
000009604400050702035000001801973000620800000009604500007000080083201907902500040
002810500090005200000600814050046000904200071020900003046020185530004090000070000
000700264020001005476090003005018600009300000100209830002035000803060042600104090
000107690900040570230605001050738000092010000308000760103080900620000045084002000
005078001400006200091500004000000340706004000800300720200109000060005030004280095
060780450000201000037090860050000608008034000094100200083509000020006100500007934
809005000040000087005100043490007100500003600020010395206308010070600002001409050
000800900930020056026030000002409310100063000080100005050000472097050160048210009
005000600718009020390014700130890506602350090000400002500020301240037080080000000
006970504010060070000084600800105400032000100007400089905803000300000251640200800
907105600006720080500008740109400000200000100060030200008379005005000076041080003
003005008040279000620100047006040090510087023000600080400720000780001065369000000
030900504700500068000240001600070050010000820084050310390004000205010703008060000
005700001000830790806040000409003160010000350000270004054000200290050038007906400
000009800014070009038260100100006205406300000590800340000021560607000002000095078
004002000900050070781304500005090100090600023340180609000000008276008010030009204
702800060600104000340065090000970016000058200000001804270306008090200500031049007
000540310907010000000000068290800650571206080084000000402130009350007024000080030
600850019701903000000410003048000061500100472200009500059086000402000305870020000
000030670900102005047860002070508304005093006810000000096000040000001203501004980
030870009000100604045003080018090200000030157000050068059002471300006000781040000
820003000300006451000970800480790600013500009070604002040000000900012360706850010
000000090642090001790236080030769000120804300006000500085002160900040007007300004
400801006000906073008200500000000105859000020710030460604000000003025748070009031
480002900056008000902700804200981640000073002510200000060010000301005709840000530
380067500206480000400209000810392007630000002090040051007600090000001703500000608
027000030000450020306000194500294061930806000000500008010308040004027000290000700
009024000057001090320507000000030041504009807800000060700906053003080002010000406
309071005100030064058900000007094810000806300060020000230709040004005603706010002
050006001002705000004030800800000200206480030900601470000900300478010062603000054
600203479000106802030090005374602000050800706800000100002700000091040200060501084
054010308280000010000203070000000500009304067000090080060008740370046001508001092
260039070790040100050680000000000087029000001307560400600002030400700928080453000
000306000501070009023400870000082100002700003079005460087001300030800205010690040
020900000004006000860037205036050400000000093507100000041260380700004609000708102
008005240015604030079300008690402700003009005020000100040010002000200396800076510
080052100900036002070040638400083000006100083000079415504000000102000076800005009
100040500030068700008902000000200010083000026002034807560700008070015063000090400
730500010019800000200004007050027904908000600060030001020046008001005070046010023
078004100000080094050060073100040200097035600046009080760500030030020000800006915
009540080020600013700182000015000300300009406840020070000050600080006297094070030
010605030340100002067209008600702090080000540905008203003001084000000000400970106
740001000902000803000005604807090400310400069000060705408600520071080090600307000
010790300075106089802000160000004008001200605609050720060003204030480090000507000
006410208090050000070928030001000000800032000640005801300609080400000573702040100
062107080030008250800004000000080700491060028500340100003079010170000500050000960
603090800000064050019070300020007400900800601701000030000402563085000900000901002
700650800018902630000040095093005047000001208000780060005820000634000000102000570
400080190070000030050010700002956400001702086093000500960500001007604002800003040
020503084001009002590870000010064000450000106087200030000008703003420690000000210
009005070210340000860090104970000208000007060002538000000613805050200390000800741
000000042030010785002470000059740601000003500007060038870001000041080396026050000
019302000003005700087000060004020800000509307035760009106030900000000042040817005
000060001458020000001030590036500084810006200040970030005400700960000018000097320
000006490050072030300004001009000158400500300006801020600000900017049500800200047
001294060020800007309000000200001094904620130083050000016900800000100050700030402
006800030300006091007041500080200004260037000004690250093070620540000108001002000
060003547005601200000000009090080370500010006028400001802076090004500000700940183
008032400100000072390050160506000007004060800000708090600024003020090005810006020
000096830030507002201048005000003790070400060048050103500000200960100400002600080
003900800000070542201000009000050000075340081004602900000006000086001470409085620
600324095000009800100000027430790000002060000050038014080600700701500930065010208
590230070870400001020006400360000008002190057000084130040005069730000000000700580
070040003050980706310020040040009000600070025000001930209500064000800507007600180
300070800064001003050600200047508020020097504000032900002000000600004097100856400
090523006007000000800604201000300004500408130000000809009005300203006475406807000
790600000002700031000008560070005000600020154031009780057100203400003019008940000
800000002001560009050031060009000154025900030008640027000023000004700000730190680
026900800001704900030506040008005006000000752700310400500298000040000380109600007
206000010000800030900015008000004052047680000300570840109208400063090070050360100
080005030000980001674100005058700300063200140002046008001500097000420000530001260
300762100040089030008300000570600018910200306000045200150007800203900040067000009
000002740000705306190060000403028007700900000060030120084300200002014035500006090
030475006200008400007610098040057000600280013700090205509000600000003001100720080
074205000003076004000008190020603050090000301050140002008090205600020408500807013
000420030940061020800970600000850700064090100500200943400080050030100006095000078
000050640680000050903004217090400060207013090568070000400138000700200903000007100
000004008200008950640000027081020040964050200507003006100300589000160000030709100
000086050000902108100040007009820304005309701006000900070000203093750000468001000
050600800008009301090030006087052014063407000500001009040285000200106070000900450
040300007009060203620040910500890034300010890002000000091200300407006500005701080
008000500000920007050300194007106200200090300030008046096870001301060805004002900
048500090010780200260009030109407000320010054500630008000094103037000500800000026
870000503065001080014000007000430208000109005049520060003080000506702400120390006
508010960010370000020069007005030008000408106304020790030790004600500000001000829
002004907003050000910070006400562010000001020005400803080600301040729050756800004
005600120208000009976200300060043005402001008000709060050100970030057000100980040
030070091079480002508301000000067000210800400086050309000000916300020705400605000
010400067002090800540082001800600720003009514070205900090300000000047009360001050
400602010803500000061000400005410702200005100070080609006900830740830500090004060
000723000001000209780041006200089037500076480008300000040100500059600042300007190
309210000000004608002708003706000045000072100010905300604000090050031002801560007
008052000200046000009730140052080039030200500401000607095017080000005070610009004
040020608009004005260017900090700804070035009000200130005009000010800076003046002
120400307400006050068025090902000100043010082000300700000609003051080004709000800
000400600813002007906000280004730825009010000050000071080067030035100094207050000
026080050009306004080570900900030207650001300010008000730104580000920103400000000
030000000700090430600280005025006390001004750006130800000310204894000010000500067
007000306900850120020009050398407000005060002460081000003015970800030001010200540
107060009504900802200400130001500400800000007653080000008007204020310060700200095
000020030065007120000409806010000509406013007879040000007800450008601700290500300
005070480008209035600000002400023000097500800050800096500084000079600120360000700
100009060000480209004006305020700030360040108958001000000200400286300500000097001
980000740060380000003001050810009020205060310030500007007200506000004000092856004
500700820600100003000845000070000300809002056200504098004000607100038049026090100
030216000070005600501930800005000010090304700300780209020008040900060002008590370
026010000000083007480507090050264180000090006900008350209000403500700010004002800
100020500580601900073080002900002170060300008000005490030400001815000740007900060
030090060005700394240806000000002950010500800082069010300910700007603100058004000
060700040000001900000280701070040030800067005904030008020009080508604010637015200
040098602000130040010027059067000030000009080502610004604200070308000001029075008
009802007010600040602170050067001204500003000830000960308050000100040023040009700
260935070051607049800002000703040002000000060000800157590000320006009008100724005
000398007704006820010000050003000010607010905500723400006470001009002504400500306
000040051700203800598070000300095406286007300004000000070030600020100030060089012
700000090420060103009070802907400000350690400040000018090745030001000200630028050
900032800000516000052708040603059020000000167204000000030800009107000300080320750
060034090093000706108700000076205080000008510000900004901300062050080300027049001
070000000032948007000000963407090850500020306009081000140060075005700000000003184
030609142100570086008032000000040900095000037800006400700390010310007005054020060
900005010100020960076004300032006059608700040001080002000037020000200408500009701
400060580096020000700409061007030000052001790000900135840003002000600350103080047
005940100010700958200600730500009070803020000901000406087014600000003000420506001
160000005900012700000806430670040859000080000004025173786300204400000010030900006
370040050065901070002600980080010069700003004041020000008000500020004390630570028
040200067005040109791500000238000000070100345100670800400060921000080073060009000
300400901050072064076030020904701008700280050030006000800020106010090007090508000
089600000000107490000042063067025000004090106200001004006000501950830070372000008
029350000100002345080006000001460092097000680000000500000703400835010009060920001
001000070028006540406009000000030260000957400835020001954100007200000036010078900
085900027000010000030087140201009470040005000000070296508020010006400000007601903
002500901070000804500100060450700602001608007090000340605003080000902000040015720
090425300300001000052000080100009052040003908006010700500700290608090573000206040
000030020030000705719050004000010008008406102050008690507080040004609030260007081
009305002008010340070000010602708000045000809090041060260007098003150700004902006
089060007000500960000401000200006800930004006048700531000000400170002008305100209
000700928400006050080213000018000600300020000709634100100850709004000005020091803
090003040503106070608502901085060100004000090200001800720080000006029300400000502
700200035030058004200007906603820001009004000080900300010096800540700200007410060
000180030000030805600000207059020700063000490002007003501203040480060000020900500
000127000806045970030000001700009050043000080090680310160050004009708030005002600
056392040400060009000000700807000306000008001092500000108040500040839007073056002
240901600008700100900000053100002300070006000490005020000010730030048012560200009
030096150460718002200000000026870030009405008100060700000000500004032907083004060
002100800540030609701895300800750001006000405910006030000040070020083500003600002
403002760016900000700000805500609031020030900080041006070100050000708490038050020
007603905004000000002090180000000706490730200030510004015000020600049018200008673
007006002400900016508300000014708000000025067050090030380000570906001280000400091
020590086000710095800000703400370000018006000009002501102000609007060830560080040
140000507000200000093056001000004009000100380570028100036009008007800604401075002
400000700030025901001960003020001004608407050900036008107080030090100800004000205
006000509300002070401073680068004001005200400930060007010000090092510306000308200
002005800001000390903820006000004205509002460604100078180040003000200700095067000
905000000080045030740000018800901204300507090000020060407009050090700602031006007
400008600900003081060070039281004000096100000000200050720869500035000004810430270
801079023000000450020680001703400000650820100000095000030001064509200007018003500
630901702002065014100000000020080300500006401904000070390002650007508209008030000
860000020400709580107004030006070010530608079070320005300500000000836400092010800
009005200106300004048060073905000081210009000087000500674008090000270035000041060
000002370003069100807400600060047002085016004900320500052000803130800007000050410
287000000000847600600509300768400009001703548030001002003698200042010070500000000
000507120060208097001430000008004009400090278000306000053000082094000306100070950
609800007080754020040003015008000060500371008901500400710008900000640032032000700
100005800009106340000039002003800950005007008600000470041000600328400005070392000
080700549000032087015040000930600810004020600050490003390005000008001072106070300
010800000200041000405060700070004501306700084100590000008020036604009270000350400
001890006060740300200500078012000700600400103030080025400000039008960000005070402
000024705010073800209000006003580090740009100050700680100230000500006000062058904
570006020026040001000380700100005204300700685002800000030000040040219807000050109
009400080602007530700008100940020006300010205000506000017009000020051600806300400
080700530900042000050000194708013056000900410402000000006050703003208040000070685
001706009400305020250000700900002030000930684070580010700600240080400100690010305
050619000014003070300000085001520803960300400020400067007080026000907000609005001
010007408800003600203060071600012804001030060700004200000900020590081000142000500
005002160100097800000650034350240600006030907400070020009800403820000090040063008
050200000020094308901075000063008107070060020208000004006001200540003709309050406
006007420005900008007061003000200079708530002010046300080004000094680210001390050
710005430503000006002086001970000804050070100008012500340000000100604907060900002
021084050607003004000501009006020080710040023500600090408900032060070000203008507
058029400003400206006180007025068001000001002000097350019700605004050028060000030
021600470605034800039000050008020907054001020300800010000398201000070000000205034
009002005000674000042000810106090043028700006500040701001000024060058070950000030
105800600006050010009040305002003094080070000000100763500012080000490107430706200
020708900009400803015000002490005000083600071000002060000830000700049005068017020
010094508508600090706000300100837002204001000000400670030002706900000020005108040
000010529003605784004800060900206005040100200860097030018400007009003000200050300
800903002304206005000017008090700600010504003520001079009800100635040000000030024
205030046090040000870029300080400709600590000001062004703000001020000680400001532
640012700700009800000530001057080064000020190820104300000000010006350007293400000
001004050800960270740028300008003600500010027974000080400006001050300900390005042
001096805080041620002000010043008100000050097050060003060500040000872000900034072
400061980008000007000240030107003600090050000056800074009506200043082009760300100
000078010340006007001090605006502100500007006078019400065000032400000890097021000
000008702105000048006000010000700300069510004740609200004273000821905000900060005
015000000340209000000000621802000700073065900090004038004930007160070050900058240
100094807900053000605010900008000075270000001300102060000009002002840530004307086
000903700130004260502800093087600005000085042004001600700000000398002074020390010
038004005900070030100060890060105004090480010301207500605000180700001200000028706
020016900309000001406005800008490670000571000000000102091008040070060205504309008
007400080600105040250300001008609000006081097305000010739020054000000038040700902
367002105040005690001004087059038060200000000406019500100087000080000704000950032
010700008080500039070009400035008024000000980000160007600290040400035200307016005
400170038237000000000450600050007000790680010010009026640020507900840260000000803
203001409400200070007086035980005000700009100014020006032060800800310560000750002
028000460001004539000070001800453006970208000500060120000031005040000793690007000
500403180029000700000809000008600002300700054750032000000080510630050098400106207
001060052060900300007234000502000018090007605800040000000019500680320070040800039
047000100580307029602010000003009047000800200100405030070092014006003070098000006
185020006064000030000910400008735020700008005300460900420800000019000500006172800
000001500050902000900700634090000000075009180160074020000003700780640010203080005
010400702708030009960080000000042506690100020402008130000009008200015400305600070
000109800820004017030502000200056000100000496074000003060090070950200060000307025
082109050000070100306000040075801000200300008008020769697400300000750001400002806
